O2: 500	Temp: 135
RPM:		500	695	965	1341	1863	2589	3589	5000	
 air:  220	2470	2470	2472	2464	2471	2464	2459	1917	
 air:  180	2162	2170	2160	2160	2333	2021	1597	1204	
 air:  140	1900	1898	1918	1896	1632	1236	943	765	
 air:  100	1789	1750	1618	1228	948	755	616	596	
 air:  80	1518	1498	1177	941	749	622	588	563	
 air:  60	1294	1291	944	773	636	637	587	560	
 air:  40	1164	1160	779	776	678	648	587	561	
 air:  20	1123	926	786	826	719	631	900	589	


O2: 500	Temp: 135
air:		220	180	140	100	80	60	40	20	
 RPM:  500	2473	2160	1899	1789	1537	1301	1185	1129	
 RPM:  695	2473	2161	1900	1744	1484	1166	988	925	
 RPM:  965	2471	2171	1922	1619	1176	945	775	776	
 RPM:  1341	2472	2170	1898	1229	940	774	757	827	
 RPM:  1863	2471	2338	1632	949	749	635	676	710	
 RPM:  2589	2464	2006	1223	749	618	635	645	624	
 RPM:  3589	2476	1596	944	615	587	587	588	901	
 RPM:  5000	1931	1203	766	596	564	561	560	589	
